[gd_resource type="Skin" format=3 uid="uid://b3ketk7we1nog"]

[resource]
resource_name = "Skin"
bind_count = 61
bind/0/name = &"Abdomen"
bind/0/bone = -1
bind/0/pose = Transform3D(1.94707e-07, -7.54979e-08, 1, 0, 1, 7.54979e-08, -1, -1.47e-14, 1.94707e-07, 0, -0.0102355, 0)
bind/1/name = &"Torso"
bind/1/bone = -1
bind/1/pose = Transform3D(3.13916e-07, -7.54979e-08, 1, 0, 1, 7.54979e-08, -1, -2.37e-14, 3.13916e-07, 0, -0.0124624, 0)
bind/2/name = &"Chest"
bind/2/bone = -1
bind/2/pose = Transform3D(3.13916e-07, -7.54979e-08, 1, 0, 1, 7.54979e-08, -1, -2.37e-14, 3.13916e-07, 0, -0.0143047, 0)
bind/3/name = &"ShoulderL"
bind/3/bone = -1
bind/3/pose = Transform3D(-0.0143637, -0.000422996, 0.999897, 0.99988, -0.00576892, 0.014361, 0.00576224, 0.999983, 0.00050581, 6.79931e-06, 9.27471e-05, -0.0160768)
bind/4/name = &"HumerusL"
bind/4/bone = -1
bind/4/pose = Transform3D(0.0804051, -0.163901, 0.983195, 0.783893, -0.598862, -0.163938, 0.615667, 0.783901, 0.080329, 0.00245434, 0.00814224, -0.0137617)
bind/5/name = &"UlnaL"
bind/5/bone = -1
bind/5/pose = Transform3D(-0.157197, 0.274603, 0.948621, 0.802386, -0.524475, 0.284787, 0.575731, 0.805928, -0.137892, -0.0027944, 0.00417819, -0.0140075)
bind/6/name = &"WristL"
bind/6/bone = -1
bind/6/pose = Transform3D(-0.12546, 0.459266, 0.879394, 0.683942, -0.60206, 0.412003, 0.718667, 0.653145, -0.238577, -0.00529979, 0.00268274, -0.0130247)
bind/7/name = &"FingerIndexL"
bind/7/bone = -1
bind/7/pose = Transform3D(-0.153694, 0.695786, 0.701612, 0.462608, -0.576758, 0.673308, 0.873139, 0.428055, -0.233232, -0.00786884, 0.00325617, -0.0113926)
bind/8/name = &"Bone.006_l.002"
bind/8/bone = -1
bind/8/pose = Transform3D(-0.244066, 0.127033, 0.961402, 0.303628, -0.931528, 0.200165, 0.921, 0.340762, 0.188784, -0.000841017, 0.00834513, -0.0112692)
bind/9/name = &"Bone.006_l.003"
bind/9/bone = -1
bind/9/pose = Transform3D(-0.16759, 0.182302, 0.968855, 0.151224, -0.966369, 0.207993, 0.974189, 0.181372, 0.134386, -0.0020737, 0.00958291, -0.00978915)
bind/10/name = &"Bone.006_l.004"
bind/10/bone = -1
bind/10/pose = Transform3D(-0.171847, 0.213423, 0.961727, 0.129181, -0.962938, 0.236774, 0.976617, 0.164926, 0.137908, -0.00237649, 0.00936595, -0.00963018)
bind/11/name = &"Finger2ndL"
bind/11/bone = -1
bind/11/pose = Transform3D(-0.120969, 0.343514, 0.931324, 0.523949, -0.774779, 0.353828, 0.843116, 0.530769, -0.086259, -0.00395151, 0.0054488, -0.0125303)
bind/12/name = &"Bone.006_l.006"
bind/12/bone = -1
bind/12/pose = Transform3D(-0.000768048, 0.170018, 0.98544, 0.155025, -0.973507, 0.16808, 0.98791, 0.152897, -0.0256094, -0.00293791, 0.00983442, -0.00936185)
bind/13/name = &"Bone.006_l.007"
bind/13/bone = -1
bind/13/pose = Transform3D(0.00469791, 0.135162, 0.990812, -0.0944006, -0.986338, 0.135, 0.995523, -0.0941673, 0.00812559, -0.00259371, 0.011691, -0.00667594)
bind/14/name = &"Bone.006_l.008"
bind/14/bone = -1
bind/14/pose = Transform3D(-0.000204141, 0.166635, 0.986018, -0.203053, -0.965484, 0.163122, 0.979167, -0.200181, 0.0340328, -0.00289604, 0.011991, -0.0054139)
bind/15/name = &"Finger3rdL"
bind/15/bone = -1
bind/15/pose = Transform3D(0.13447, 0.0933209, 0.986513, 0.504798, -0.863142, 0.0128421, 0.8527, 0.496263, -0.163175, -0.00277601, 0.00689686, -0.012126)
bind/16/name = &"Bone.006_l.010"
bind/16/bone = -1
bind/16/pose = Transform3D(0.169784, 0.0601332, 0.983645, 0.24795, -0.968634, 0.0164173, 0.953779, 0.241107, -0.179369, -0.00265955, 0.00929738, -0.00993551)
bind/17/name = &"Bone.006_l.011"
bind/17/bone = -1
bind/17/pose = Transform3D(0.198268, 0.0216018, 0.97991, -0.155439, -0.986412, 0.0531953, 0.967744, -0.162863, -0.192216, -0.00244177, 0.0122812, -0.00547953)
bind/18/name = &"Bone.006_l.012"
bind/18/bone = -1
bind/18/pose = Transform3D(0.216788, 0.0822734, 0.972746, -0.418132, -0.892588, 0.168679, 0.882139, -0.443303, -0.159101, -0.00324714, 0.0129194, -0.00175687)
bind/19/name = &"Finger4thL"
bind/19/bone = -1
bind/19/pose = Transform3D(0.168997, -0.340837, 0.924808, 0.348117, -0.857188, -0.37953, 0.922092, 0.386081, -0.0262115, 0.00232535, 0.00822053, -0.0113722)
bind/20/name = &"Bone.006_l.014"
bind/20/bone = -1
bind/20/pose = Transform3D(0.149444, -0.119436, 0.98153, 0.248867, -0.956177, -0.154243, 0.956939, 0.267321, -0.113171, -0.00012528, 0.00931771, -0.010217)
bind/21/name = &"Bone.006_l.015"
bind/21/bone = -1
bind/21/pose = Transform3D(0.208755, 0.205056, 0.956229, -0.451811, -0.846949, 0.280257, 0.867345, -0.49054, -0.0841582, -0.00425457, 0.0129399, -0.000931035)
bind/22/name = &"Bone.006_l.016"
bind/22/bone = -1
bind/22/pose = Transform3D(0.0863145, -0.0349971, 0.995653, -0.438557, -0.89868, 0.0064306, 0.894548, -0.437206, -0.0929174, -0.000683798, 0.013282, -0.00172438)
bind/23/name = &"FingerThumbL"
bind/23/bone = -1
bind/23/pose = Transform3D(-0.364532, 0.926353, -0.0947975, -0.522809, -0.119357, 0.844052, 0.770575, 0.357245, 0.527816, -0.00862924, 0.00467379, -0.0102958)
bind/24/name = &"Bone.006_l.018"
bind/24/bone = -1
bind/24/pose = Transform3D(-0.613301, 0.568772, 0.548053, -0.13874, -0.760657, 0.634156, 0.777569, 0.312891, 0.545422, -0.00331068, 0.00946809, -0.00982553)
bind/25/name = &"Bone.006_l.019"
bind/25/bone = -1
bind/25/pose = Transform3D(-0.499563, 0.26808, 0.823754, 0.232075, -0.874737, 0.425413, 0.834613, 0.403693, 0.374772, -0.000932999, 0.00813918, -0.0110444)
bind/26/name = &"Neck"
bind/26/bone = -1
bind/26/pose = Transform3D(3.13916e-07, -7.54979e-08, 1, 0, 1, 7.54979e-08, -1, -2.37e-14, 3.13916e-07, 0, -0.016077, 0)
bind/27/name = &"Head"
bind/27/bone = -1
bind/27/pose = Transform3D(3.13916e-07, -7.54979e-08, 1, 0, 1, 7.54979e-08, -1, -2.37e-14, 3.13916e-07, 0, -0.0174094, 0)
bind/28/name = &"ShoulderR"
bind/28/bone = -1
bind/28/pose = Transform3D(-0.014364, 0.000422967, -0.999897, -0.99988, -0.00576891, 0.0143613, -0.00576224, 0.999983, 0.00050578, -6.79885e-06, 9.2747e-05, -0.0160768)
bind/29/name = &"HumerusR"
bind/29/bone = -1
bind/29/pose = Transform3D(0.0890474, 0.17138, -0.981172, -0.789968, -0.587831, -0.17437, -0.606647, 0.790622, 0.08304, -0.00255821, 0.00795381, -0.0138526)
bind/30/name = &"UlnaR"
bind/30/bone = -1
bind/30/pose = Transform3D(-0.143155, -0.265979, -0.95329, -0.797948, -0.53879, 0.270156, -0.585479, 0.79935, -0.135107, 0.00278454, 0.0045696, -0.0139931)
bind/31/name = &"WristR"
bind/31/bone = -1
bind/31/pose = Transform3D(-0.125461, -0.459266, -0.879394, -0.683942, -0.60206, 0.412003, -0.718667, 0.653145, -0.238577, 0.00529979, 0.00268274, -0.0130247)
bind/32/name = &"FingerIndexR"
bind/32/bone = -1
bind/32/pose = Transform3D(-0.153694, -0.695786, -0.701612, -0.462608, -0.576758, 0.673308, -0.873139, 0.428055, -0.233232, 0.00786884, 0.00325617, -0.0113926)
bind/33/name = &"Bone.006_r.002"
bind/33/bone = -1
bind/33/pose = Transform3D(-0.244066, -0.127032, -0.961402, -0.303628, -0.931528, 0.200165, -0.921, 0.340762, 0.188784, 0.000841016, 0.00834513, -0.0112692)
bind/34/name = &"Bone.006_r.003"
bind/34/bone = -1
bind/34/pose = Transform3D(-0.16759, -0.182302, -0.968854, -0.151224, -0.96637, 0.207993, -0.974189, 0.181372, 0.134386, 0.0020737, 0.00958291, -0.00978915)
bind/35/name = &"Bone.006_r.004"
bind/35/bone = -1
bind/35/pose = Transform3D(-0.171847, -0.213423, -0.961727, -0.129181, -0.962938, 0.236774, -0.976617, 0.164926, 0.137908, 0.00237649, 0.00936595, -0.00963018)
bind/36/name = &"Finger2ndR"
bind/36/bone = -1
bind/36/pose = Transform3D(-0.12097, -0.343514, -0.931324, -0.523949, -0.774779, 0.353829, -0.843115, 0.530769, -0.0862587, 0.00395151, 0.0054488, -0.0125303)
bind/37/name = &"Bone.006_r.006"
bind/37/bone = -1
bind/37/pose = Transform3D(-0.000768316, -0.170018, -0.98544, -0.155025, -0.973507, 0.16808, -0.98791, 0.152897, -0.0256091, 0.00293791, 0.00983442, -0.00936184)
bind/38/name = &"Bone.006_r.007"
bind/38/bone = -1
bind/38/pose = Transform3D(0.00469762, -0.135163, -0.990812, 0.0944005, -0.986338, 0.135, -0.995523, -0.0941672, 0.00812598, 0.00259371, 0.011691, -0.00667595)
bind/39/name = &"Bone.006_r.008"
bind/39/bone = -1
bind/39/pose = Transform3D(-0.000204449, -0.166635, -0.986018, 0.203053, -0.965484, 0.163122, -0.979167, -0.200181, 0.0340332, 0.00289604, 0.011991, -0.0054139)
bind/40/name = &"Finger3rdR"
bind/40/bone = -1
bind/40/pose = Transform3D(0.134469, -0.0933209, -0.986513, -0.504798, -0.863142, 0.0128425, -0.8527, 0.496263, -0.163174, 0.00277601, 0.00689686, -0.012126)
bind/41/name = &"Bone.006_r.010"
bind/41/bone = -1
bind/41/pose = Transform3D(0.169784, -0.0601332, -0.983645, -0.24795, -0.968634, 0.0164176, -0.953779, 0.241107, -0.179369, 0.00265955, 0.00929738, -0.00993551)
bind/42/name = &"Bone.006_r.011"
bind/42/bone = -1
bind/42/pose = Transform3D(0.198268, -0.0216018, -0.97991, 0.155439, -0.986412, 0.0531954, -0.967744, -0.162863, -0.192216, 0.00244177, 0.0122812, -0.00547953)
bind/43/name = &"Bone.006_r.012"
bind/43/bone = -1
bind/43/pose = Transform3D(0.216788, -0.0822734, -0.972745, 0.418132, -0.892588, 0.168679, -0.882139, -0.443303, -0.159101, 0.00324714, 0.0129194, -0.00175687)
bind/44/name = &"Finger4thR"
bind/44/bone = -1
bind/44/pose = Transform3D(0.168997, 0.340837, -0.924808, -0.348117, -0.857188, -0.379529, -0.922092, 0.386081, -0.0262113, -0.00232535, 0.00822053, -0.0113722)
bind/45/name = &"Bone.006_r.014"
bind/45/bone = -1
bind/45/pose = Transform3D(0.149443, 0.119436, -0.98153, -0.248867, -0.956177, -0.154243, -0.956939, 0.267321, -0.11317, 0.000125281, 0.00931771, -0.010217)
bind/46/name = &"Bone.006_r.015"
bind/46/bone = -1
bind/46/pose = Transform3D(0.208755, -0.205056, -0.956229, 0.451811, -0.846949, 0.280257, -0.867345, -0.49054, -0.0841578, 0.00425457, 0.0129399, -0.000931036)
bind/47/name = &"Bone.006_r.016"
bind/47/bone = -1
bind/47/pose = Transform3D(0.0863142, 0.0349971, -0.995653, 0.438557, -0.89868, 0.00643052, -0.894548, -0.437206, -0.0929171, 0.000683799, 0.013282, -0.00172438)
bind/48/name = &"FingerThumbR"
bind/48/bone = -1
bind/48/pose = Transform3D(-0.364532, -0.926353, 0.0947976, 0.52281, -0.119357, 0.844052, -0.770575, 0.357245, 0.527816, 0.00862924, 0.00467379, -0.0102958)
bind/49/name = &"Bone.006_r.018"
bind/49/bone = -1
bind/49/pose = Transform3D(-0.6133, -0.568771, -0.548052, 0.13874, -0.760657, 0.634155, -0.777569, 0.312891, 0.545422, 0.00331067, 0.00946809, -0.00982552)
bind/50/name = &"Bone.006_r.019"
bind/50/bone = -1
bind/50/pose = Transform3D(-0.499563, -0.26808, -0.823753, -0.232075, -0.874737, 0.425413, -0.834612, 0.403693, 0.374772, 0.000933, 0.00813918, -0.0110444)
bind/51/name = &"PelvisL"
bind/51/bone = -1
bind/51/pose = Transform3D(0.000120536, -0.000154714, 1, 0.701099, -0.713064, -0.000194865, 0.713064, 0.701099, 2.24912e-05, 1.5828e-06, 0.00729856, -0.0071761)
bind/52/name = &"FemurL"
bind/52/bone = -1
bind/52/pose = Transform3D(-0.000940853, 0.0162514, 0.999867, 0.130359, -0.991334, 0.0162354, 0.991466, 0.130357, -0.00118587, -0.000139372, 0.00841648, -0.0026395)
bind/53/name = &"TibiaL"
bind/53/bone = -1
bind/53/pose = Transform3D(0.00103716, -0.0134418, 0.999909, 0.0148095, -0.9998, -0.0134557, 0.99989, 0.0148221, -0.000837935, 2.08643e-05, 0.00549632, -0.00201745)
bind/54/name = &"TarsusL"
bind/54/bone = -1
bind/54/pose = Transform3D(-0.0130641, -0.203856, 0.978914, 0.0867688, -0.975535, -0.201995, 0.996143, 0.0823002, 0.0304328, 0.000373791, 0.0014913, -0.0021251)
bind/55/name = &"FootL"
bind/55/bone = -1
bind/55/pose = Transform3D(0.187586, 0.978706, -0.0833445, 0.03309, 0.078506, 0.996364, 0.98169, -0.189662, -0.0176588, -0.000453893, 0.000274358, -0.00210449)
bind/56/name = &"PelvisR"
bind/56/bone = -1
bind/56/pose = Transform3D(0.0199804, 0.0257905, -0.999468, -0.69799, -0.715374, -0.0324131, -0.715829, 0.698266, 0.00370798, -0.000263978, 0.0073222, -0.0071471)
bind/57/name = &"FemurR"
bind/57/bone = -1
bind/57/pose = Transform3D(-0.00049812, -0.0134832, -0.999909, -0.0334393, -0.999349, 0.0134924, -0.99944, 0.0334431, 4.69584e-05, 3.80759e-05, 0.00849005, -0.00192995)
bind/58/name = &"TibiaR"
bind/58/bone = -1
bind/58/pose = Transform3D(-0.00092842, -0.00914526, -0.999958, -0.0650942, -0.997837, 0.00918641, -0.997878, 0.0651001, 0.000331138, 1.37518e-05, 0.00530811, -0.00209921)
bind/59/name = &"TarsusR"
bind/59/bone = -1
bind/59/pose = Transform3D(-0.0130644, 0.203856, -0.978913, -0.0867686, -0.975535, -0.201995, -0.996142, 0.0823002, 0.0304332, -0.000373791, 0.0014913, -0.0021251)
bind/60/name = &"FootR"
bind/60/bone = -1
bind/60/pose = Transform3D(0.187586, -0.978706, 0.0833445, -0.0330899, 0.0785062, 0.996364, -0.98169, -0.189662, -0.0176585, 0.000453892, 0.000274357, -0.00210449)
