[gd_scene load_steps=7 format=3 uid="uid://bdfd1j5ex1k4q"]

[ext_resource type="Script" path="res://csharp/Physics/Player.cs" id="1_j2bt5"]
[ext_resource type="PackedScene" uid="uid://c6laxxshv7wpn" path="res://scenes/UI/MainUI.tscn" id="5_8oq2b"]
[ext_resource type="ArrayMesh" uid="uid://ba8eipt4fxpxm" path="res://assets/sketchfab/character/mat/Belorian Soldier LP.res" id="5_yl3d6"]
[ext_resource type="Skin" uid="uid://b3ketk7we1nog" path="res://resources/Player_Skeleton.tres" id="6_2pojy"]

[sub_resource type="CapsuleShape3D" id="CapsuleShape3D_yq4yf"]
radius = 0.398394
height = 2.47017

[sub_resource type="SceneReplicationConfig" id="SceneReplicationConfig_vlb66"]
properties/0/path = NodePath(".:scale")
properties/0/spawn = true
properties/0/replication_mode = 2
properties/1/path = NodePath(".:rotation")
properties/1/spawn = true
properties/1/replication_mode = 1
properties/2/path = NodePath(".:position")
properties/2/spawn = true
properties/2/replication_mode = 1
properties/3/path = NodePath(".:velocity")
properties/3/spawn = true
properties/3/replication_mode = 1

[node name="Player" type="CharacterBody3D"]
script = ExtResource("1_j2bt5")

[node name="Skeleton" type="Skeleton3D" parent="."]
transform = Transform3D(-1, 0, -8.74228e-08, 0, 1, 0, 8.74228e-08, 0, -1, 0, 0, 0)
bones/0/name = "Armature"
bones/0/parent = -1
bones/0/rest = Transform3D(-100, 1.50996e-05, -8.74228e-06, -8.74228e-06, 0, 100, 1.50996e-05, 100, 0, 0, 0, 0)
bones/0/enabled = true
bones/0/position = Vector3(0, 0, 0)
bones/0/rotation = Quaternion(2.24764e-08, 0.707107, 0.707107, -8.42937e-08)
bones/0/scale = Vector3(100, 100, 100)
bones/1/name = "Abdomen"
bones/1/parent = 0
bones/1/rest = Transform3D(5.96046e-08, -8.9407e-08, 1, 1, 0, -8.9407e-08, 0, 1, 5.96046e-08, 0, 0, 0.0102355)
bones/1/enabled = true
bones/1/position = Vector3(0, 0, 0.0102355)
bones/1/rotation = Quaternion(0.5, 0.5, 0.5, 0.5)
bones/1/scale = Vector3(1, 1, 1)
bones/2/name = "Torso"
bones/2/parent = 1
bones/2/rest = Transform3D(1, 0, 1.19209e-07, 0, 1, 0, -1.19209e-07, 0, 1, 0, 0.00222692, 0)
bones/2/enabled = true
bones/2/position = Vector3(0, 0.00222692, 0)
bones/2/rotation = Quaternion(0, 5.96046e-08, 0, 1)
bones/2/scale = Vector3(1, 1, 1)
bones/3/name = "Chest"
bones/3/parent = 2
bones/3/rest = Transform3D(1, 0, 0, 0, 1, 0, 0, 0, 1, 0, 0.00184229, 0)
bones/3/enabled = true
bones/3/position = Vector3(0, 0.00184229, 0)
bones/3/rotation = Quaternion(0, 7.10543e-15, 0, 1)
bones/3/scale = Vector3(1, 1, 1)
bones/4/name = "ShoulderL"
bones/4/parent = 3
bones/4/rest = Transform3D(0.999897, 0.0143613, 0.000505736, -0.000422921, -0.0057689, 0.999983, 0.014364, -0.99988, -0.00576222, 0, 0.00177233, 0)
bones/4/enabled = true
bones/4/position = Vector3(0, 0.00177233, 0)
bones/4/rotation = Quaternion(-0.709124, -0.00491394, -0.00524228, 0.705047)
bones/4/scale = Vector3(1, 1, 1)
bones/5/name = "HumerusL"
bones/5/parent = 4
bones/5/rest = Transform3D(0.982008, -0.174927, 0.0711459, 0.0954607, 0.7849, 0.612225, -0.162937, -0.594418, 0.787477, -4.53613e-12, 0.00189283, -2.05885e-09)
bones/5/enabled = true
bones/5/position = Vector3(-3.25963e-12, 0.00189283, -2.0887e-09)
bones/5/rotation = Quaternion(-0.679525, -0.232525, 0.056475, 0.982475)
bones/5/scale = Vector3(1, 1, 1)
bones/6/name = "UlnaL"
bones/6/parent = 5
bones/6/rest = Transform3D(0.875032, 0.430478, -0.221375, -0.44319, 0.896385, -0.0087216, 0.194683, 0.105743, 0.97515, -2.57803e-10, 0.00303636, -5.63353e-11)
bones/6/enabled = true
bones/6/position = Vector3(1.19209e-10, 0.00303636, -2.03028e-09)
bones/6/rotation = Quaternion(-0.130525, -0.157525, 0.104475, 0.967475)
bones/6/scale = Vector3(1, 1, 1)
bones/7/name = "WristL"
bones/7/parent = 6
bones/7/rest = Transform3D(0.98005, 0.117994, -0.159936, -0.0911012, 0.981884, 0.166147, 0.176643, -0.148262, 0.973045, -6.34972e-10, 0.00322524, 1.39785e-09)
bones/7/enabled = true
bones/7/position = Vector3(-2.98023e-10, 0.00322524, -1.00583e-10)
bones/7/rotation = Quaternion(-0.079525, 0.255475, -0.052525, 0.991475)
bones/7/scale = Vector3(1, 1, 1)
bones/8/name = "FingerIndexL"
bones/8/parent = 7
bones/8/rest = Transform3D(0.955827, 0.269178, -0.118056, -0.234956, 0.941046, 0.243369, 0.176606, -0.204881, 0.962722, 1.10081e-09, 0.000542311, 1.18119e-09)
bones/8/enabled = true
bones/8/position = Vector3(2.38419e-10, 0.000542312, 4.61936e-10)
bones/8/rotation = Quaternion(-0.114083, -0.0749936, -0.128306, 0.982293)
bones/8/scale = Vector3(1, 1, 1)
bones/9/name = "Bone.006_l.002"
bones/9/parent = 8
bones/9/rest = Transform3D(0.80043, -0.554372, 0.227999, 0.461145, 0.8125, 0.356635, -0.382957, -0.180321, 0.905996, 6.35752e-11, 0.000882578, -9.26857e-10)
bones/9/enabled = true
bones/9/position = Vector3(-1.19209e-10, 0.000882579, -5.96046e-11)
bones/9/rotation = Quaternion(-0.143121, 0.162845, 0.270677, 0.93794)
bones/9/scale = Vector3(1, 1, 1)
bones/10/name = "Bone.006_l.003"
bones/10/parent = 9
bones/10/rest = Transform3D(0.995521, 0.0402958, -0.0855281, -0.0267732, 0.987749, 0.153737, 0.0906752, -0.150759, 0.984403, 3.19926e-10, 0.000329055, 7.82831e-10)
bones/10/enabled = true
bones/10/position = Vector3(-1.19209e-10, 0.000329054, 8.34465e-10)
bones/10/rotation = Quaternion(-0.0764334, -0.0442299, -0.0168354, 0.995951)
bones/10/scale = Vector3(1, 1, 1)
bones/11/name = "Bone.006_l.004"
bones/11/parent = 10
bones/11/rest = Transform3D(0.999481, 0.0322046, 7.75771e-06, -0.0322001, 0.999337, 0.016993, 0.000539499, -0.0169844, 0.999856, -5.54623e-10, 0.000310294, -2.88993e-09)
bones/11/enabled = true
bones/11/position = Vector3(-4.76837e-10, 0.000310294, -1.80304e-09)
bones/11/rotation = Quaternion(-0.00849575, -0.000132953, -0.0161038, 0.999834)
bones/11/scale = Vector3(1, 1, 1)
bones/12/name = "Bone.006_l.004_end"
bones/12/parent = 11
bones/12/rest = Transform3D(1, 0, 0, 0, 1, 0, 0, 0, 1, 0, 0.000183945, 0)
bones/12/enabled = true
bones/12/position = Vector3(0, 0.000183945, 0)
bones/12/rotation = Quaternion(0, 0, 0, 1)
bones/12/scale = Vector3(1, 1, 1)
bones/13/name = "Finger2ndL"
bones/13/parent = 7
bones/13/rest = Transform3D(0.991942, -0.11041, 0.062131, 0.0941567, 0.970593, 0.221549, -0.0847651, -0.213914, 0.973168, 1.10081e-09, 0.000542311, 1.18119e-09)
bones/13/enabled = true
bones/13/position = Vector3(2.38419e-10, 0.000542312, 4.61936e-10)
bones/13/rotation = Quaternion(-0.109751, 0.0370228, 0.0515577, 0.99193)
bones/13/scale = Vector3(1, 1, 1)
bones/14/name = "Bone.006_l.006"
bones/14/parent = 13
bones/14/rest = Transform3D(0.976261, -0.196629, -0.0908354, 0.216548, 0.89495, 0.390092, 0.0045896, -0.400502, 0.916285, -3.42412e-10, 0.000935663, -2.73761e-10)
bones/14/enabled = true
bones/14/position = Vector3(0, 0.000935664, 7.22706e-10)
bones/14/rotation = Quaternion(-0.203117, -0.0245164, 0.106153, 0.973074)
bones/14/scale = Vector3(1, 1, 1)
bones/15/name = "Bone.006_l.007"
bones/15/parent = 14
bones/15/rest = Transform3D(0.999363, -0.0345885, -0.0087674, 0.0356823, 0.968264, 0.247369, -6.69826e-05, -0.247525, 0.968882, 6.32975e-11, 0.000258407, -2.21372e-09)
bones/15/enabled = true
bones/15/position = Vector3(2.18395e-10, 0.000258406, -1.15857e-09)
bones/15/rotation = Quaternion(-0.124717, -0.00219258, 0.0177088, 0.992032)
bones/15/scale = Vector3(1, 1, 1)
bones/16/name = "Bone.006_l.008"
bones/16/parent = 15
bones/16/rest = Transform3D(0.999481, 0.0301726, 0.0112633, -0.0312268, 0.993484, 0.109607, -0.00788274, -0.109902, 0.993911, 2.34111e-10, 0.000281069, 1.01946e-09)
bones/16/enabled = true
bones/16/position = Vector3(1.67638e-10, 0.000281069, -2.08616e-10)
bones/16/rotation = Quaternion(-0.0549674, 0.00479437, -0.0153751, 0.998358)
bones/16/scale = Vector3(1, 1, 1)
bones/17/name = "Bone.006_l.008_end"
bones/17/parent = 16
bones/17/rest = Transform3D(1, 0, 0, 0, 1, 0, 0, 0, 1, 0, 0.000265871, 0)
bones/17/enabled = true
bones/17/position = Vector3(0, 0.000265871, 0)
bones/17/rotation = Quaternion(0, 0, 0, 1)
bones/17/scale = Vector3(1, 1, 1)
bones/18/name = "Finger3rdL"
bones/18/parent = 7
bones/18/rest = Transform3D(0.893523, -0.448451, -0.0225578, 0.442232, 0.870207, 0.217189, -0.0777685, -0.204039, 0.975869, 1.10081e-09, 0.000542311, 1.18119e-09)
bones/18/enabled = true
bones/18/position = Vector3(2.38419e-10, 0.000542312, 4.61936e-10)
bones/18/rotation = Quaternion(-0.108912, 0.0142751, 0.230293, 0.966902)
bones/18/scale = Vector3(1, 1, 1)
bones/19/name = "Bone.006_l.010"
bones/19/parent = 18
bones/19/rest = Transform3D(0.998822, -0.0408559, -0.0261953, 0.0464357, 0.961444, 0.271053, 0.0141112, -0.27195, 0.962208, -3.6541e-10, 0.0007745, -4.90261e-10)
bones/19/enabled = true
bones/19/position = Vector3(2.38419e-10, 0.0007745, 8.49366e-10)
bones/19/rotation = Quaternion(-0.137086, -0.0101757, 0.0220375, 0.990262)
bones/19/scale = Vector3(1, 1, 1)
bones/20/name = "Bone.006_l.011"
bones/20/parent = 19
bones/20/rest = Transform3D(0.998845, -0.0333817, -0.0345579, 0.0443239, 0.917805, 0.394551, 0.0185466, -0.395627, 0.918224, -3.35678e-10, 0.000295785, -1.22037e-09)
bones/20/enabled = true
bones/20/position = Vector3(-1.19209e-10, 0.000295784, -4.99189e-10)
bones/20/rotation = Quaternion(-0.201753, -0.013559, 0.0198403, 0.979142)
bones/20/scale = Vector3(1, 1, 1)
bones/21/name = "Bone.006_l.012"
bones/21/parent = 20
bones/21/rest = Transform3D(0.997962, 0.0631071, 0.00941881, -0.0631071, 0.954426, 0.291698, 0.00941864, -0.291698, 0.956464, 1.30808e-10, 0.000258169, -6.59957e-10)
bones/21/enabled = true
bones/21/position = Vector3(-5.96046e-11, 0.00025817, -8.9407e-10)
bones/21/rotation = Quaternion(-0.14754, 4.82836e-08, -0.0319193, 0.988541)
bones/21/scale = Vector3(1, 1, 1)
bones/22/name = "Bone.006_l.012_end"
bones/22/parent = 21
bones/22/rest = Transform3D(1, 0, 0, 0, 1, 0, 0, 0, 1, 0, 0.000307244, 0)
bones/22/enabled = true
bones/22/position = Vector3(0, 0.000307244, 0)
bones/22/rotation = Quaternion(0, 0, 0, 1)
bones/22/scale = Vector3(1, 1, 1)
bones/23/name = "Finger4thL"
bones/23/parent = 7
bones/23/rest = Transform3D(0.635534, -0.771109, 0.0385777, 0.701813, 0.597803, 0.387415, -0.321801, -0.219141, 0.921098, 1.10081e-09, 0.000542311, 1.18119e-09)
bones/23/enabled = true
bones/23/position = Vector3(2.38419e-10, 0.000542312, 4.61936e-10)
bones/23/rotation = Quaternion(-0.170758, 0.101454, 0.414657, 0.888036)
bones/23/scale = Vector3(1, 1, 1)
bones/24/name = "Bone.006_l.014"
bones/24/parent = 23
bones/24/rest = Transform3D(0.973691, 0.225313, -0.0340539, -0.218117, 0.964798, 0.146934, 0.0659613, -0.135641, 0.98856, -6.38062e-10, 0.000704717, -2.48452e-09)
bones/24/enabled = true
bones/24/position = Vector3(-8.9407e-11, 0.000704717, -1.13528e-09)
bones/24/rotation = Quaternion(-0.0712968, -0.025235, -0.111882, 0.990839)
bones/24/scale = Vector3(1, 1, 1)
bones/25/name = "Bone.006_l.015"
bones/25/parent = 24
bones/25/rest = Transform3D(0.945273, 0.308717, 0.105604, -0.291609, 0.654165, 0.697877, 0.146364, -0.69048, 0.708389, 1.29827e-10, 0.000261948, 2.19971e-10)
bones/25/enabled = true
bones/25/position = Vector3(1.49012e-11, 0.000261949, -8.27014e-10)
bones/25/rotation = Quaternion(-0.38168, -0.0112057, -0.165039, 0.909372)
bones/25/scale = Vector3(1, 1, 1)
bones/26/name = "Bone.006_l.016"
bones/26/parent = 25
bones/26/rest = Transform3D(0.962914, -0.269681, 0.00823952, 0.269681, 0.961084, -0.0599168, 0.00823957, 0.0599168, 0.998169, 7.81811e-12, 0.000255858, 1.55514e-09)
bones/26/enabled = true
bones/26/position = Vector3(8.9407e-11, 0.000255857, 3.1665e-10)
bones/26/rotation = Quaternion(0.0302542, -1.64591e-08, 0.136172, 0.990223)
bones/26/scale = Vector3(1, 1, 1)
bones/27/name = "Bone.006_l.016_end"
bones/27/parent = 26
bones/27/rest = Transform3D(1, 0, 0, 0, 1, 0, 0, 0, 1, 0, 0.000196925, 0)
bones/27/enabled = true
bones/27/position = Vector3(0, 0.000196925, 0)
bones/27/rotation = Quaternion(0, 0, 0, 1)
bones/27/scale = Vector3(1, 1, 1)
bones/28/name = "FingerThumbL"
bones/28/parent = 7
bones/28/rest = Transform3D(0.387812, 0.75303, 0.531552, -0.846096, 0.0620408, 0.529408, 0.365682, -0.655055, 0.661196, 1.10081e-09, 0.000542311, 1.18119e-09)
bones/28/enabled = true
bones/28/position = Vector3(2.38419e-10, 0.000542312, 4.61936e-10)
bones/28/rotation = Quaternion(-0.407608, 0.0570807, -0.550305, 0.726472)
bones/28/scale = Vector3(1, 1, 1)
bones/29/name = "Bone.006_l.018"
bones/29/parent = 28
bones/29/rest = Transform3D(0.698497, -0.714177, -0.0453061, 0.715337, 0.698584, 0.0164983, 0.0198674, -0.0439331, 0.998837, 1.10281e-09, 0.000589885, -1.57732e-09)
bones/29/enabled = true
bones/29/position = Vector3(6.33299e-10, 0.000589884, -2.38419e-10)
bones/29/rotation = Quaternion(-0.0163967, -0.0176832, 0.387865, 0.921401)
bones/29/scale = Vector3(1, 1, 1)
bones/30/name = "Bone.006_l.019"
bones/30/parent = 29
bones/30/rest = Transform3D(0.910319, -0.406708, -0.0768645, 0.38778, 0.902955, -0.185202, 0.144728, 0.138786, 0.97969, -1.38938e-09, 0.000435132, 6.44983e-10)
bones/30/enabled = true
bones/30/position = Vector3(-4.17233e-10, 0.00043513, 9.53674e-10)
bones/30/rotation = Quaternion(0.0831783, -0.0568901, 0.203971, 0.973777)
bones/30/scale = Vector3(1, 1, 1)
bones/31/name = "Bone.006_l.019_end"
bones/31/parent = 30
bones/31/rest = Transform3D(1, 0, 0, 0, 1, 0, 0, 0, 1, 0, 0.000405826, 0)
bones/31/enabled = true
bones/31/position = Vector3(0, 0.000405826, 0)
bones/31/rotation = Quaternion(0, 0, 0, 1)
bones/31/scale = Vector3(1, 1, 1)
bones/32/name = "Neck"
bones/32/parent = 3
bones/32/rest = Transform3D(1, 0, 5.29396e-23, 0, 1, 0, -5.29396e-23, 0, 1, 0, 0.00177233, 0)
bones/32/enabled = true
bones/32/position = Vector3(0, 0.00177233, 0)
bones/32/rotation = Quaternion(0, 0, 0, 1)
bones/32/scale = Vector3(1, 1, 1)
bones/33/name = "Head"
bones/33/parent = 32
bones/33/rest = Transform3D(1, 0, 5.29396e-23, 0, 1, 0, -5.29396e-23, 0, 1, 0, 0.00133233, 0)
bones/33/enabled = true
bones/33/position = Vector3(0, 0.00133233, 0)
bones/33/rotation = Quaternion(0, 0, 0, 1)
bones/33/scale = Vector3(1, 1, 1)
bones/34/name = "Head_end"
bones/34/parent = 33
bones/34/rest = Transform3D(1, 0, 0, 0, 1, 0, 0, 0, 1, 0, 0.00221233, 0)
bones/34/enabled = true
bones/34/position = Vector3(0, 0.00221233, 0)
bones/34/rotation = Quaternion(0, 0, 0, 1)
bones/34/scale = Vector3(1, 1, 1)
bones/35/name = "ShoulderR"
bones/35/parent = 3
bones/35/rest = Transform3D(-0.999897, 0.014361, 0.000505704, 0.000422892, -0.00576901, 0.999983, 0.0143637, 0.99988, 0.00576222, 0, 0.00177233, 0)
bones/35/enabled = true
bones/35/position = Vector3(0, 0.00177233, 0)
bones/35/rotation = Quaternion(0.00524216, 0.705047, 0.709124, -0.00491384)
bones/35/scale = Vector3(1, 1, 1)
bones/36/name = "HumerusR"
bones/36/parent = 35
bones/36/rest = Transform3D(0.979865, 0.185451, -0.0739831, -0.104116, 0.79076, 0.603206, 0.170368, -0.583358, 0.794147, 3.20006e-12, 0.00189283, -2.05542e-09)
bones/36/enabled = true
bones/36/position = Vector3(1.86265e-12, 0.00189283, -2.08489e-09)
bones/36/rotation = Quaternion(-0.569525, 0.345475, 0.853475, 1.12448)
bones/36/scale = Vector3(1, 1, 1)
bones/37/name = "UlnaR"
bones/37/parent = 36
bones/37/rest = Transform3D(0.877011, -0.428463, 0.217421, 0.435664, 0.899964, 0.0161852, -0.202605, 0.0805277, 0.975944, 4.54368e-10, 0.00285469, 1.388e-09)
bones/37/enabled = true
bones/37/position = Vector3(2.98023e-11, 0.0028547, -4.84288e-11)
bones/37/rotation = Quaternion(0.016475, 0.243475, 0.223475, 0.968475)
bones/37/scale = Vector3(1, 1, 1)
bones/38/name = "WristR"
bones/38/parent = 37
bones/38/rest = Transform3D(0.978433, -0.134714, 0.156591, 0.109985, 0.98144, 0.157098, -0.174848, -0.136487, 0.975089, -6.50573e-10, 0.00339991, -6.72109e-10)
bones/38/enabled = true
bones/38/position = Vector3(-3.27826e-10, 0.00339991, -9.12696e-10)
bones/38/rotation = Quaternion(-0.0740004, 0.0835416, 0.0616783, 0.991837)
bones/38/scale = Vector3(1, 1, 1)
bones/39/name = "FingerIndexR"
bones/39/parent = 38
bones/39/rest = Transform3D(0.955827, -0.269178, 0.118056, 0.234956, 0.941045, 0.243369, -0.176606, -0.204881, 0.962722, -1.4392e-11, 0.00054231, 6.68531e-10)
bones/39/enabled = true
bones/39/position = Vector3(-5.96046e-11, 0.000542311, 4.47035e-11)
bones/39/rotation = Quaternion(-0.114525, -0.079525, 0.128475, 0.982475)
bones/39/scale = Vector3(1, 1, 1)
bones/40/name = "Bone.006_r.002"
bones/40/parent = 39
bones/40/rest = Transform3D(0.80043, 0.554372, -0.227999, -0.461145, 0.8125, 0.356635, 0.382957, -0.180321, 0.905996, -4.62474e-11, 0.00088258, 1.65938e-09)
bones/40/enabled = true
bones/40/position = Vector3(1.78814e-10, 0.000882579, 1.43051e-09)
bones/40/rotation = Quaternion(-0.143121, -0.162845, -0.270678, 0.93794)
bones/40/scale = Vector3(1, 1, 1)
bones/41/name = "Bone.006_r.003"
bones/41/parent = 40
bones/41/rest = Transform3D(0.99552, -0.0402959, 0.0855281, 0.0267733, 0.987749, 0.153737, -0.0906752, -0.150759, 0.984403, -6.91299e-10, 0.000329055, -2.47268e-09)
bones/41/enabled = true
bones/41/position = Vector3(-5.96046e-11, 0.000329054, -1.2219e-09)
bones/41/rotation = Quaternion(-0.0764334, 0.0442299, 0.0168354, 0.995951)
bones/41/scale = Vector3(1, 1, 1)
bones/42/name = "Bone.006_r.004"
bones/42/parent = 41
bones/42/rest = Transform3D(0.999481, -0.0322046, -7.79098e-06, 0.0322001, 0.999337, 0.016993, -0.000539467, -0.0169844, 0.999856, -2.85507e-11, 0.000310294, 4.26147e-10)
bones/42/enabled = true
bones/42/position = Vector3(0, 0.000310295, -9.83477e-10)
bones/42/rotation = Quaternion(-0.00849576, 0.000132949, 0.0161038, 0.999834)
bones/42/scale = Vector3(1, 1, 1)
bones/43/name = "Bone.006_r.004_end"
bones/43/parent = 42
bones/43/rest = Transform3D(1, 0, 0, 0, 1, 0, 0, 0, 1, 0, 0.000183945, 0)
bones/43/enabled = true
bones/43/position = Vector3(0, 0.000183945, 0)
bones/43/rotation = Quaternion(0, 0, 0, 1)
bones/43/scale = Vector3(1, 1, 1)
bones/44/name = "Finger2ndR"
bones/44/parent = 38
bones/44/rest = Transform3D(0.991942, 0.11041, -0.0621309, -0.0941567, 0.970593, 0.221549, 0.084765, -0.213914, 0.973168, -1.4392e-11, 0.00054231, 6.68531e-10)
bones/44/enabled = true
bones/44/position = Vector3(-5.96046e-11, 0.000542311, 4.47035e-11)
bones/44/rotation = Quaternion(-0.064525, -0.036525, -0.051525, 0.991475)
bones/44/scale = Vector3(1, 1, 1)
bones/45/name = "Bone.006_r.006"
bones/45/parent = 44
bones/45/rest = Transform3D(0.976261, 0.196629, 0.0908354, -0.216548, 0.89495, 0.390092, -0.00458959, -0.400502, 0.916284, -6.15218e-11, 0.000935664, 2.05344e-10)
bones/45/enabled = true
bones/45/position = Vector3(-1.78814e-10, 0.000935663, 2.90573e-10)
bones/45/rotation = Quaternion(-0.203117, 0.0245164, -0.106153, 0.973074)
bones/45/scale = Vector3(1, 1, 1)
bones/46/name = "Bone.006_r.007"
bones/46/parent = 45
bones/46/rest = Transform3D(0.999363, 0.0345885, 0.00876736, -0.0356823, 0.968264, 0.247369, 6.70156e-05, -0.247525, 0.968882, -9.76552e-11, 0.000258406, 4.04536e-10)
bones/46/enabled = true
bones/46/position = Vector3(2.51457e-11, 0.000258406, 6.89179e-11)
bones/46/rotation = Quaternion(-0.124717, 0.00219256, -0.0177088, 0.992032)
bones/46/scale = Vector3(1, 1, 1)
bones/47/name = "Bone.006_r.008"
bones/47/parent = 46
bones/47/rest = Transform3D(0.999481, -0.0301726, -0.0112633, 0.0312267, 0.993484, 0.109607, 0.00788274, -0.109902, 0.993911, -1.45463e-10, 0.00028107, 1.13425e-09)
bones/47/enabled = true
bones/47/position = Vector3(-8.56817e-11, 0.000281069, 8.39122e-10)
bones/47/rotation = Quaternion(-0.0549674, -0.00479437, 0.0153751, 0.998358)
bones/47/scale = Vector3(1, 1, 1)
bones/48/name = "Bone.006_r.008_end"
bones/48/parent = 47
bones/48/rest = Transform3D(1, 0, 0, 0, 1, 0, 0, 0, 1, 0, 0.000265871, 0)
bones/48/enabled = true
bones/48/position = Vector3(0, 0.000265871, 0)
bones/48/rotation = Quaternion(0, 0, 0, 1)
bones/48/scale = Vector3(1, 1, 1)
bones/49/name = "Finger3rdR"
bones/49/parent = 38
bones/49/rest = Transform3D(0.893523, 0.44845, 0.0225579, -0.442232, 0.870207, 0.217189, 0.0777684, -0.204039, 0.975869, -1.4392e-11, 0.00054231, 6.68531e-10)
bones/49/enabled = true
bones/49/position = Vector3(-5.96046e-11, 0.000542311, 4.47035e-11)
bones/49/rotation = Quaternion(-0.108912, -0.0142751, -0.230293, 0.966902)
bones/49/scale = Vector3(1, 1, 1)
bones/50/name = "Bone.006_r.010"
bones/50/parent = 49
bones/50/rest = Transform3D(0.998821, 0.0408559, 0.0261952, -0.0464357, 0.961444, 0.271053, -0.0141111, -0.271949, 0.962208, -4.11836e-10, 0.000774501, -2.57347e-10)
bones/50/enabled = true
bones/50/position = Vector3(-2.38419e-10, 0.0007745, -6.70552e-11)
bones/50/rotation = Quaternion(-0.137086, 0.0101757, -0.0220375, 0.990262)
bones/50/scale = Vector3(1, 1, 1)
bones/51/name = "Bone.006_r.011"
bones/51/parent = 50
bones/51/rest = Transform3D(0.998845, 0.0333817, 0.0345579, -0.0443239, 0.917805, 0.394551, -0.0185466, -0.395627, 0.918224, 1.03604e-10, 0.000295782, 2.55513e-10)
bones/51/enabled = true
bones/51/position = Vector3(0, 0.000295782, -4.39584e-10)
bones/51/rotation = Quaternion(-0.201753, 0.013559, -0.0198402, 0.979142)
bones/51/scale = Vector3(1, 1, 1)
bones/52/name = "Bone.006_r.012"
bones/52/parent = 51
bones/52/rest = Transform3D(0.997962, -0.063107, -0.00941881, 0.0631071, 0.954426, 0.291698, -0.00941863, -0.291698, 0.956464, 8.89469e-11, 0.000258172, -5.82531e-11)
bones/52/enabled = true
bones/52/position = Vector3(1.19209e-10, 0.000258171, -9.08971e-10)
bones/52/rotation = Quaternion(-0.14754, -4.3573e-08, 0.0319193, 0.988541)
bones/52/scale = Vector3(1, 1, 1)
bones/53/name = "Bone.006_r.012_end"
bones/53/parent = 52
bones/53/rest = Transform3D(1, 0, 0, 0, 1, 0, 0, 0, 1, 0, 0.000307244, 0)
bones/53/enabled = true
bones/53/position = Vector3(0, 0.000307244, 0)
bones/53/rotation = Quaternion(0, 0, 0, 1)
bones/53/scale = Vector3(1, 1, 1)
bones/54/name = "Finger4thR"
bones/54/parent = 38
bones/54/rest = Transform3D(0.635534, 0.771108, -0.0385776, -0.701812, 0.597803, 0.387415, 0.321801, -0.219141, 0.921098, -1.4392e-11, 0.00054231, 6.68531e-10)
bones/54/enabled = true
bones/54/position = Vector3(-5.96046e-11, 0.000542311, 4.47035e-11)
bones/54/rotation = Quaternion(-0.170758, -0.101454, -0.414657, 0.888036)
bones/54/scale = Vector3(1, 1, 1)
bones/55/name = "Bone.006_r.014"
bones/55/parent = 54
bones/55/rest = Transform3D(0.973691, -0.225313, 0.0340538, 0.218116, 0.964798, 0.146934, -0.0659612, -0.135641, 0.98856, -1.84789e-10, 0.000704716, -3.85448e-10)
bones/55/enabled = true
bones/55/position = Vector3(1.78814e-10, 0.000704716, -6.92904e-10)
bones/55/rotation = Quaternion(-0.0712968, 0.0252349, 0.111882, 0.990839)
bones/55/scale = Vector3(1, 1, 1)
bones/56/name = "Bone.006_r.015"
bones/56/parent = 55
bones/56/rest = Transform3D(0.945274, -0.308717, -0.105604, 0.291609, 0.654165, 0.697877, -0.146364, -0.69048, 0.708389, 8.28726e-11, 0.000261949, -8.40828e-11)
bones/56/enabled = true
bones/56/position = Vector3(0, 0.000261949, -1.3113e-09)
bones/56/rotation = Quaternion(-0.38168, 0.0112057, 0.165038, 0.909372)
bones/56/scale = Vector3(1, 1, 1)
bones/57/name = "Bone.006_r.016"
bones/57/parent = 56
bones/57/rest = Transform3D(0.962914, 0.269681, -0.00823947, -0.269681, 0.961084, -0.0599168, -0.00823963, 0.0599168, 0.998169, 4.17118e-11, 0.000255858, 1.03619e-09)
bones/57/enabled = true
bones/57/position = Vector3(0, 0.000255858, -2.45869e-10)
bones/57/rotation = Quaternion(0.0302542, 4.60854e-08, -0.136172, 0.990223)
bones/57/scale = Vector3(1, 1, 1)
bones/58/name = "Bone.006_r.016_end"
bones/58/parent = 57
bones/58/rest = Transform3D(1, 0, 0, 0, 1, 0, 0, 0, 1, 0, 0.000196925, 0)
bones/58/enabled = true
bones/58/position = Vector3(0, 0.000196925, 0)
bones/58/rotation = Quaternion(0, 0, 0, 1)
bones/58/scale = Vector3(1, 1, 1)
bones/59/name = "FingerThumbR"
bones/59/parent = 38
bones/59/rest = Transform3D(0.387812, -0.75303, -0.531552, 0.846096, 0.0620411, 0.529408, -0.365682, -0.655055, 0.661196, -1.4392e-11, 0.00054231, 6.68531e-10)
bones/59/enabled = true
bones/59/position = Vector3(-5.96046e-11, 0.000542311, 4.47035e-11)
bones/59/rotation = Quaternion(-0.407608, -0.0570807, 0.550305, 0.726472)
bones/59/scale = Vector3(1, 1, 1)
bones/60/name = "Bone.006_r.018"
bones/60/parent = 59
bones/60/rest = Transform3D(0.698497, 0.714178, 0.0453061, -0.715338, 0.698584, 0.0164984, -0.0198673, -0.0439333, 0.998837, 1.03356e-09, 0.000589884, 4.73721e-10)
bones/60/enabled = true
bones/60/position = Vector3(2.6077e-10, 0.000589884, 1.19209e-10)
bones/60/rotation = Quaternion(-0.0163967, 0.0176832, -0.387865, 0.921401)
bones/60/scale = Vector3(1, 1, 1)
bones/61/name = "Bone.006_r.019"
bones/61/parent = 60
bones/61/rest = Transform3D(0.910319, 0.406708, 0.0768646, -0.38778, 0.902954, -0.185202, -0.144728, 0.138786, 0.97969, -1.04552e-10, 0.000435131, -5.73711e-10)
bones/61/enabled = true
bones/61/position = Vector3(-5.96046e-11, 0.000435131, -7.15256e-10)
bones/61/rotation = Quaternion(0.0831784, 0.0568901, -0.203971, 0.973777)
bones/61/scale = Vector3(1, 1, 1)
bones/62/name = "Bone.006_r.019_end"
bones/62/parent = 61
bones/62/rest = Transform3D(1, 0, 0, 0, 1, 0, 0, 0, 1, 0, 0.000405826, 0)
bones/62/enabled = true
bones/62/position = Vector3(0, 0.000405826, 0)
bones/62/rotation = Quaternion(0, 0, 0, 1)
bones/62/scale = Vector3(1, 1, 1)
bones/63/name = "PelvisL"
bones/63/parent = 0
bones/63/rest = Transform3D(-0.000120401, -0.7011, -0.713063, 1, -0.000194669, 2.26498e-05, -0.000154704, -0.713063, 0.701099, 0, 0, 0.0102355)
bones/63/enabled = true
bones/63/position = Vector3(0, 0, 0.0102355)
bones/63/rotation = Quaternion(-0.273393, -0.273325, 0.652191, 0.652071)
bones/63/scale = Vector3(1, 1, 1)
bones/64/name = "FemurL"
bones/64/parent = 63
bones/64/rest = Transform3D(0.999865, 0.0164045, -0.00108648, -0.0124427, 0.798276, 0.602164, 0.0107455, -0.602069, 0.798372, -8.84589e-15, 0.00216757, -7.49064e-10)
bones/64/enabled = true
bones/64/position = Vector3(-4.36557e-14, 0.00216757, -7.24769e-10)
bones/64/rotation = Quaternion(-0.317497, -0.00311951, -0.00760559, 0.948224)
bones/64/scale = Vector3(1, 1, 1)
bones/65/name = "TibiaL"
bones/65/parent = 64
bones/65/rest = Transform3D(0.999557, -0.029716, -0.00153765, 0.0296945, 0.992848, 0.115638, -0.00190964, -0.115632, 0.99329, 1.09509e-11, 0.00319214, 7.05149e-10)
bones/65/enabled = true
bones/65/position = Vector3(1.5134e-12, 0.00319215, 8.40082e-11)
bones/65/rotation = Quaternion(-0.057921, 9.31649e-05, 0.0148793, 0.99821)
bones/65/scale = Vector3(1, 1, 1)
bones/66/name = "TarsusL"
bones/66/parent = 65
bones/66/rest = Transform3D(0.981551, -0.188774, 0.030357, 0.19045, 0.979343, -0.0679409, -0.0169045, 0.072469, 0.997227, 4.01486e-11, 0.00382025, 2.521e-10)
bones/66/enabled = true
bones/66/position = Vector3(-1.17838e-12, 0.00382025, 1.17216e-10)
bones/66/rotation = Quaternion(0.0352877, 0.0118777, 0.0953062, 0.994751)
bones/66/scale = Vector3(1, 1, 1)
bones/67/name = "FootL"
bones/67/parent = 66
bones/67/rest = Transform3D(-0.283553, 0.958918, 0.00855246, -0.92165, -0.274975, 0.273769, 0.264874, 0.0697457, 0.961758, -8.7704e-11, 0.00172456, -2.41033e-10)
bones/67/enabled = true
bones/67/position = Vector3(9.77889e-12, 0.00172456, -8.3819e-12)
bones/67/rotation = Quaternion(-0.0861163, -0.108191, -0.79377, 0.59229)
bones/67/scale = Vector3(1, 1, 1)
bones/68/name = "FootL_end"
bones/68/parent = 67
bones/68/rest = Transform3D(1, 0, 0, 0, 1, 0, 0, 0, 1, 0, 0.00219792, 0)
bones/68/enabled = true
bones/68/position = Vector3(0, 0.00219792, 0)
bones/68/rotation = Quaternion(0, 0, 0, 1)
bones/68/scale = Vector3(1, 1, 1)
bones/69/name = "PelvisR"
bones/69/parent = 0
bones/69/rest = Transform3D(-0.0199804, 0.69799, 0.715829, -0.999468, -0.0324131, 0.00370789, 0.0257904, -0.715374, 0.698266, 0, 0, 0.0102355)
bones/69/enabled = true
bones/69/position = Vector3(0, 0, 0.0102355)
bones/69/rotation = Quaternion(-0.280253, 0.268934, -0.661563, 0.641458)
bones/69/scale = Vector3(1, 1, 1)
bones/70/name = "FemurR"
bones/70/parent = 69
bones/70/rest = Transform3D(0.999019, -0.039927, -0.0191536, 0.0424035, 0.737811, 0.673674, -0.012766, -0.673825, 0.738781, 7.19551e-13, 0.0023567, 1.71066e-10)
bones/70/enabled = true
bones/70/position = Vector3(0, 0.0023567, 3.65078e-10)
bones/70/rotation = Quaternion(-0.361396, -0.00171315, 0.0220808, 0.93215)
bones/70/scale = Vector3(1, 1, 1)
bones/71/name = "TibiaR"
bones/71/parent = 70
bones/71/rest = Transform3D(0.999991, 0.00430099, -0.000711772, -0.00432138, 0.999489, -0.0316848, 0.000575132, 0.0316876, 0.999498, -1.68308e-11, 0.0031182, -2.37805e-10)
bones/71/enabled = true
bones/71/position = Vector3(1.5134e-12, 0.0031182, 1.80617e-11)
bones/71/rotation = Quaternion(0.0158451, -0.000321768, -0.00215587, 0.999872)
bones/71/scale = Vector3(1, 1, 1)
bones/72/name = "TarsusR"
bones/72/parent = 71
bones/72/rest = Transform3D(0.97702, 0.210988, -0.0302597, -0.211558, 0.977218, -0.0169994, 0.0259836, 0.0230104, 0.999398, -6.47002e-12, 0.00373557, 2.43078e-10)
bones/72/enabled = true
bones/72/position = Vector3(2.36611e-13, 0.00373558, 1.71393e-10)
bones/72/rotation = Quaternion(0.0100609, -0.014143, -0.106254, 0.994188)
bones/72/scale = Vector3(1, 1, 1)
bones/73/name = "FootR"
bones/73/parent = 72
bones/73/rest = Transform3D(-0.283553, -0.958918, -0.00855227, 0.92165, -0.274975, 0.273769, -0.264874, 0.0697458, 0.961757, 8.04806e-11, 0.00172456, -1.97662e-10)
bones/73/enabled = true
bones/73/position = Vector3(-1.21072e-11, 0.00172456, -3.80678e-11)
bones/73/rotation = Quaternion(-0.0861162, 0.108191, 0.79377, 0.59229)
bones/73/scale = Vector3(1, 1, 1)
bones/74/name = "FootR_end"
bones/74/parent = 73
bones/74/rest = Transform3D(1, 0, 0, 0, 1, 0, 0, 0, 1, 0, 0.00219792, 0)
bones/74/enabled = true
bones/74/position = Vector3(0, 0.00219792, 0)
bones/74/rotation = Quaternion(0, 0, 0, 1)
bones/74/scale = Vector3(1, 1, 1)
bones/75/name = "Belorian Soldier LP"
bones/75/parent = -1
bones/75/rest = Transform3D(100, 0, 0, 0, 100, 7.54979e-06, 0, -7.54979e-06, 100, 0, 0, 0)
bones/75/enabled = true
bones/75/position = Vector3(0, 0, 0)
bones/75/rotation = Quaternion(-3.7749e-08, 0, 0, 1)
bones/75/scale = Vector3(100, 100, 100)

[node name="Soldier" type="MeshInstance3D" parent="Skeleton"]
mesh = ExtResource("5_yl3d6")
skin = ExtResource("6_2pojy")

[node name="CollisionShape3D" type="CollisionShape3D" parent="."]
transform = Transform3D(1, 0, 0, 0, 1, 0, 0, 0, 1, 0, 0.897126, 0)
shape = SubResource("CapsuleShape3D_yq4yf")

[node name="HandlePoint" type="Marker3D" parent="."]
transform = Transform3D(1, 0, 0, 0, 1, 0, 0, 0, 1, 0.124075, 1.6483, -0.755983)

[node name="Camera" type="Camera3D" parent="."]
transform = Transform3D(1, 0, 0, 0, 1, 0, 0, 0, 1, 0, 1.85, -0.120471)
fov = 80.0

[node name="MainUI" parent="Camera" instance=ExtResource("5_8oq2b")]
metadata/_edit_use_anchors_ = true

[node name="MSync" type="MultiplayerSynchronizer" parent="."]
replication_config = SubResource("SceneReplicationConfig_vlb66")
visibility_update_mode = 1
